0.481
0.482
0.567
0.669
0.768
0.818
0.845
0.813
0.745
0.643
0.529
0.407
0.293
0.219
0.236
0.332
0.401
0.492
0.565
0.61
0.618
0.589
0.564
0.51
0.489
0.457
0.495
0.58
0.656
0.714
0.772
0.797
0.775
0.718
0.605
0.487
0.373
0.318
0.292
0.316
0.365
0.441
0.521
0.594
0.643
0.659
0.644
0.509
0.563
0.524
0.505
0.544
0.601
0.681
0.746
0.79
0.804
0.774
0.713
0.632
0.533
0.449
0.397
0.375
0.382
0.437
0.516
0.596
0.65
0.69
0.703
0.613
0.645
0.629
0.614
0.609
0.611
0.662
0.712
0.749
0.779
0.792
0.76
0.691
0.617
0.542
0.487
0.459
0.447
0.477
0.52
0.581
0.65
0.69
0.73
0.676
0.68
0.666
0.651
0.649
0.642
0.646
0.686
0.73
0.777
0.784
0.755
0.719
0.665
0.61
0.556
0.525
0.517
0.51
0.542
0.602
0.659
0.706
0.73
0.707
0.754
0.748
0.718
0.686
0.667
0.635
0.646
0.681
0.712
0.743
0.736
0.741
0.706
0.669
0.637
0.617
0.574
0.553
0.565
0.61
0.654
0.697
0.744
0.754
0.784
0.779
0.742
0.7
0.652
0.64
0.636
0.639
0.658
0.688
0.685
0.692
0.693
0.677
0.624
0.589
0.58
0.571
0.567
0.583
0.625
0.677
0.719
0.771
0.78
0.793
0.784
0.753
0.723
0.675
0.635
0.613
0.612
0.639
0.66
0.672
0.682
0.691
0.674
0.664
0.643
0.631
0.612
0.605
0.636
0.672
0.721
0.753
0.814
0.833
0.826
0.803
0.748
0.699
0.657
0.617
0.597
0.599
0.61
0.612
0.637
0.652
0.67
0.671
0.658
0.646
0.643
0.636
0.646
0.685
0.711
0.778
0.781
0.829
0.843
0.839
0.798
0.728
0.655
0.579
0.532
0.51
0.498
0.512
0.549
0.589
0.63
0.64
0.65
0.639
0.626
0.612
0.609
0.618
0.654
0.747
0.737
0.784
0.817
0.842
0.809
0.757
0.684
0.607
0.536
0.487
0.472
0.484
0.508
0.548
0.582
0.616
0.625
0.628
0.622
0.601
0.591
0.597
0.628
0.685
0.721
0.788
0.849
0.879
0.849
0.797
0.71
0.633
0.551
0.477
0.431
0.422
0.446
0.494
0.552
0.604
0.647
0.662
0.649
0.628
0.61
0.584
0.592
0.668
0.693
0.756
0.829
0.889
0.903
0.884
0.834
0.735
0.637
0.518
0.416
0.385
0.402
0.451
0.523
0.596
0.646
0.663
0.675
0.652
0.613
0.57
0.57
0.628
0.664
0.727
0.798
0.87
0.89
0.891
0.864
0.793
0.6715
0.55
0.439
0.365
0.354
0.381
0.446
0.509
0.587
0.645
0.674
0.67
0.642
0.598
0.552
0.606
0.588
0.67
0.764
0.867
0.932
0.967
0.96
0.905
0.805
0.667
0.521
0.433
0.41
0.387
0.451
0.535
0.596
0.668
0.713
0.751
0.739
0.697
0.65
0.54
0.605
0.66
0.74
0.833
0.902
0.955
0.984
0.954
0.888
0.773
0.633
0.504
0.409
0.365
0.406
0.467
0.532
0.614
0.688
0.731
0.731
0.712
0.68
0.616
0.615
0.619
0.675
0.762
0.823
0.88
0.93
0.958
0.933
0.862
0.75
0.601
0.473
0.386
0.356
0.394
0.49
0.591
0.661
0.718
0.758
0.748
0.722
0.647
0.611
0.557
0.559
0.605
0.708
0.796
0.883
0.923
0.911
0.879
0.788
0.672
0.561
0.459
0.398
0.38
0.437
0.523
0.617
0.692
0.733
0.739
0.726
0.668
0.65
0.606
0.581
0.592
0.647
0.697
0.753
0.797
0.836
0.863
0.832
0.763
0.66
0.563
0.47
0.413
0.458
0.498
0.566
0.646
0.712
0.763
0.784
0.685
0.734
0.686
0.639
0.586
0.58
0.612
0.675
0.733
0.792
0.849
0.854
0.804
0.734
0.642
0.555
0.502
0.483
0.531
0.59
0.662
0.73
0.791
0.833
0.777
0.811
0.749
0.698
0.644
0.594
0.585
0.643
0.68
0.716
0.757
0.805
0.824
0.802
0.736
0.657
0.589
0.528
0.521
0.586
0.667
0.729
0.785
0.837
0.841
0.896
0.865
0.804
0.732
0.647
0.592
0.568
0.583
0.624
0.66
0.701
0.731
0.742
0.727
0.686
0.642
0.612
0.568
0.552
0.573
0.631
0.694
0.761
0.882
0.854
0.863
0.841
0.784
0.719
0.642
0.575
0.54
0.539
0.559
0.592
0.636
0.672
0.688
0.683
0.654
0.629
0.609
0.574
0.582
0.628
0.695
0.762
0.81
0.867
0.888
0.883
0.847
0.78
0.694
0.613
0.547
0.514
0.52
0.541
0.572
0.616
0.657
0.686
0.691
0.675
0.64
0.612
0.594
0.6
0.633
0.705
0.821
0.829
0.88
0.913
0.91
0.856
0.783
0.693
0.591
0.501
0.462
0.455
0.487
0.526
0.57
0.628
0.669
0.671
0.659
0.632
0.613
0.589
0.597
0.647
0.769
0.764
0.822
0.863
0.89
0.867
0.82
0.753
0.659
0.563
0.464
0.412
0.415
0.431
0.486
0.548
0.62
0.67
0.695
0.68
0.651
0.62
0.589
0.591
0.701
0.704
0.772
0.829
0.875
0.889
0.87
0.805
0.713
0.609
0.496
0.39
0.351
0.375
0.414
0.478
0.547
0.618
0.652
0.666
0.635
0.604
0.575
0.55
0.636
0.596
0.685
0.76
0.824
0.866
0.869
0.839
0.762
0.66
0.552
0.457
0.382
0.369
0.403
0.452
0.515
0.588
0.648
0.679
0.68
0.653
0.629
0.592
0.54
0.598
0.666
0.734
0.783
0.834
0.886
0.89
0.837
0.749
0.657
0.544
0.451
0.381
0.383
0.41
0.466
0.53
0.607
0.664
0.686
0.673
0.653
0.62
0.571
